0 1028 1800 1129 1091 1349 1771 1667 1643 1369 1204 1670 1507 1502 1664 1085 1613 1888 1925 1220 1273 1213 1115 1459 1960 1679 1578 2033 1591 1858 1199 1201 
1028 0 1183 1249 1811 1864 1787 1698 1325 1980 1727 2040 1541 1057 1645 1044 1186 1498 1557 1350 1658 1935 1871 1276 2032 1171 1266 1933 1033 1211 1174 2028 
1800 1183 0 1754 1931 1743 1713 1256 1529 1677 1482 1353 1687 1056 1420 1812 1144 2047 1893 1706 1837 1206 1332 1131 1179 1513 1141 1501 1691 2009 1224 1659 
1129 1249 1754 0 1612 1034 1594 1916 1514 1957 1988 1805 1615 1341 1168 1627 1255 1868 1247 1136 1801 1345 1155 1480 1189 1344 1753 1926 1937 1258 1250 1368 
1091 1811 1931 1612 0 1983 1572 1958 1380 1190 1779 1122 1058 1632 1331 1838 1100 1603 1707 1857 1089 1515 1586 1284 1742 1778 1984 1066 1099 1508 1109 1776 
1349 1864 1743 1034 1983 0 1423 1227 1717 1422 1436 1576 1927 1791 1584 1286 1073 1184 1842 1165 2014 1954 2003 1210 1585 1911 2046 2015 1087 1895 2004 1444 
1771 1787 1713 1594 1572 1423 0 1339 1025 1976 1032 1039 1159 1712 1490 1946 2042 1055 1294 2019 1367 1384 1156 1593 1525 1951 2000 1854 2030 1544 1118 1836 
1667 1698 1256 1916 1958 1227 1339 0 1715 1516 1899 1534 1146 2005 1817 1288 1295 1377 1040 1481 1948 1495 1875 1730 1853 1763 1226 1086 1846 1519 1630 1475 
1643 1325 1529 1514 1380 1717 1025 1715 0 1537 1379 1182 1998 1726 1104 2017 1799 1566 1225 1500 1851 1264 1282 1623 1134 1074 1414 1386 1614 1289 1673 1327 
1369 1980 1677 1957 1190 1422 1976 1516 1537 0 1076 1098 1342 2041 1696 1968 1520 1732 1789 1780 1333 1252 1647 1394 1079 1619 1944 1464 1125 1499 1162 1517 
1204 1727 1482 1988 1779 1436 1032 1899 1379 1076 0 1642 1094 1443 1967 1872 1403 1599 1652 1876 1991 1759 1819 1655 1785 1506 1633 1901 1676 1120 1913 1588 
1670 2040 1353 1805 1122 1576 1039 1534 1182 1098 1642 0 1942 1810 1974 1755 1564 1737 1764 1348 1941 1773 1729 1101 1692 1378 1608 1301 1446 1198 1390 1267 
1507 1541 1687 1615 1058 1927 1159 1146 1998 1342 1094 1942 0 1461 1856 1978 1972 1835 1618 1668 1840 1587 1620 1200 1654 1365 1930 1313 1671 1161 1804 1678 
1502 1057 1056 1341 1632 1791 1712 2005 1726 2041 1443 1810 1461 0 1113 1775 1841 1293 1205 1788 1828 1886 1843 1975 2034 1493 1059 1269 1637 1981 1822 1797 
1664 1645 1420 1168 1331 1584 1490 1817 1104 1696 1967 1974 1856 1113 0 1308 1128 1749 1494 1235 1030 1492 1265 1934 1053 1188 1263 1410 1222 1950 1852 1682 
1085 1044 1812 1627 1838 1286 1946 1288 2017 1968 1872 1755 1978 1775 1308 0 1456 1617 1955 1558 1722 1218 1285 1374 1054 1947 1567 1280 1542 1878 1915 1431 
1613 1186 1144 1255 1100 1073 2042 1295 1799 1520 1403 1564 1972 1841 1128 1456 0 1688 1661 2036 1813 1133 1138 1274 1424 1834 2025 1891 1798 1622 1385 1346 
1888 1498 2047 1868 1603 1184 1055 1377 1566 1732 1599 1737 1835 1293 1749 1617 1688 0 1382 1924 1635 1050 1254 1147 1725 1406 1447 1665 1897 1849 1151 1142 
1925 1557 1893 1247 1707 1842 1294 1040 1225 1789 1652 1764 1618 1205 1494 1955 1661 1382 0 1760 1451 1485 1083 1714 1409 1920 1417 1970 1291 1106 1114 1598 
1220 1350 1706 1136 1857 1165 2019 1481 1500 1780 1876 1348 1668 1788 1235 1558 2036 1924 1760 0 1415 1997 1616 1180 1511 1996 1908 1918 1528 1229 1067 1302 
1273 1658 1837 1801 1089 2014 1367 1948 1851 1333 1991 1941 1840 1828 1030 1722 1813 1635 1451 1415 0 1150 2022 1826 1038 1093 1694 1090 1271 1746 1239 1653 
1213 1935 1206 1345 1515 1954 1384 1495 1264 1252 1759 1773 1587 1886 1492 1218 1133 1050 1485 1997 1150 0 2001 1196 1381 1758 2037 1375 1287 1674 1900 1628 
1115 1871 1332 1155 1586 2003 1156 1875 1282 1647 1819 1729 1620 1843 1265 1285 1138 1254 1083 1616 2022 2001 0 1510 1070 1523 1372 1815 2023 1132 1389 1457 
1459 1276 1131 1480 1284 1210 1593 1730 1623 1394 1655 1101 1200 1975 1934 1374 1274 1147 1714 1180 1826 1196 1510 0 1215 1082 1305 1579 1774 1865 1777 1212 
1960 2032 1179 1189 1742 1585 1525 1853 1134 1079 1785 1692 1654 2034 1053 1054 1424 1725 1409 1511 1038 1381 1070 1215 0 1435 1221 1476 1356 1795 1595 1323 
1679 1171 1513 1344 1778 1911 1951 1763 1074 1619 1506 1378 1365 1493 1188 1947 1834 1406 1920 1996 1093 1758 1523 1082 1435 0 1031 1110 1548 1209 1391 1747 
1578 1266 1141 1753 1984 2046 2000 1226 1414 1944 1633 1608 1930 1059 1263 1567 2025 1447 1417 1908 1694 2037 1372 1305 1221 1031 0 1278 1439 1705 1883 1887 
2033 1933 1501 1926 1066 2015 1854 1086 1386 1464 1901 1301 1313 1269 1410 1280 1891 1665 1970 1918 1090 1375 1815 1579 1476 1110 1278 0 1892 1644 1765 1433 
1591 1033 1691 1937 1099 1087 2030 1846 1614 1125 1676 1446 1671 1637 1222 1542 1798 1897 1291 1528 1271 1287 2023 1774 1356 1548 1439 1892 0 1554 1869 1735 
1858 1211 2009 1258 1508 1895 1544 1519 1289 1499 1120 1198 1161 1981 1950 1878 1622 1849 1106 1229 1746 1674 1132 1865 1795 1209 1705 1644 1554 0 1568 1307 
1199 1174 1224 1250 1109 2004 1118 1630 1673 1162 1913 1390 1804 1822 1852 1915 1385 1151 1114 1067 1239 1900 1389 1777 1595 1391 1883 1765 1869 1568 0 1416 
1201 2028 1659 1368 1776 1444 1836 1475 1327 1517 1588 1267 1678 1797 1682 1431 1346 1142 1598 1302 1653 1628 1457 1212 1323 1747 1887 1433 1735 1307 1416 0 
